46616373
46619163
46627262
46631360
46631495
46639115
46640771
46643524
46673193
46679140
46684985
46688757
46691571
46691773
46746210
46777573
46778796
46782168
46795687
46799491
46802105
46803053
46822060
46824077
46851097
46862337
46876477
46880946
46882571
46903632
46904484
46904685
46906906
46955439
47001733
47006331
47010127
47048794
47053239
47055464
47055530
47089299
47095025
47119710
47119711
47120164
47128629
47133539
47143230
47144803
47146220
47172504
47201045
47208375
47214031
47216702
47216738
47250751
47254648
47255378
47276609
47279259
47296054
47296757
47307526
47307785
47317896
47319667
47323428
47330883
47334002
47335503
47335789
47336144
47338186
47340125
47343517
47343518
47344320
47347358
47381002
47391558
47398140
47425704
47428177
47496083
47497337
47498707
47507936
47509220
47513265
47519372
47525961
47526742
47527418
47577452
47578938
47580734
47581569
47584823
47586874
47590334
47600599
47622452
47635474
47640547
47643696
47648906
47670559
47673012
47673143
47673880
47717097
47725074
47734464
47738448
47739951
47744566
47751300
47756300
47757041
47764725
47765427
47766207
47772184
47780215
47785054
47789691
47790780
47795007
47798089
47824386
47873936
47876083
47880498
47884213
47892999
47911478
47915239
47933291
47960732
47979471
47987030
47997116
47997768
47999223
48000775
48007647
48013854
48014658
48014659
48016864
48022676
48048540
48049343
48050820
48056230
48058159
48060149
48069668
48084122
48084398
48087539
48089512
48091896
48093324
48095412
48096583
48110306
48115087
48118967
48157646
48163699
48170828
48171913
48190374
48195159
48199266
48219932
48220551
48221274
48227288
48239142
48241810
48267299
48276726
48303903
48313972
48319311
48325908
48334365
48339229
48341431
48346967
48354645
48364755
48366834
48373992
48407870
48409881